 1
 0.983632
 0.935489
 0.858394
 0.756827
 0.63662
 0.504551
 0.367883
 0.233872
 0.109292
 -2.07242e-17
 -0.0894211
 -0.155915
 -0.198091
 -0.216236
 -0.212207
 -0.189207
 -0.151481
 -0.103943
 -0.0517701
 1.34707e-16
 0.0468396
 0.0850445
 0.111964
 0.126138
 0.127324
 0.116435
 0.0953771
 0.0668207
 0.0339183
 -4.72215e-16
 -0.0317301
 -0.0584681
 -0.0780358
 -0.0890385
 -0.0909458
 -0.0840919
 -0.0695996
 -0.0492363
 -0.0252214
 5.40309e-16
 0.0239911
 0.0445472
 0.059888
 0.0688026
 0.0707357
 0.0658112
 0.0547912
 0.0389788
 0.0200742
 2.75335e-16
 -0.019287
 -0.0359805
 -0.0485885
 -0.0560615
 -0.0578748
 -0.0540593
 -0.0451789
 -0.0322584
 -0.0166718
 -8.09723e-16
 0.0161252
 0.0301773
 0.0408762
 0.0473021
 0.0489712
 0.0458688
 0.038436
 0.0275147
 0.0142557
 1.25825e-15
 -0.0138542
 -0.0259862
 -0.035277
 -0.0409102
 -0.042442
 -0.0398337
 -0.0334446
 -0.0239874
 -0.0124513
 -1.47734e-15
 0.0121439
 0.0228174
 0.0310271
 0.0360403
 0.0374493
 0.0352023
 0.0296007
 0.0212618
 0.0110524
 1.75119e-15
 -0.0108095
 -0.0203375
 -0.0276913
 -0.0322068
 -0.0335078
 -0.0315359
 -0.0265495
 -0.0190926
 -0.0099362
 -1.8933e-15
